m=1000;
b=50;
kp=800;
ki=40;
ts=1;
u=100;